ID	LMA
1	39.1
2	39.4
3	35.5
4	26.4
5	45.8
6	42.6
7	40.6
8	43
9	44.1
10	45.3
11	53.6
12	44.1
13	38.3
14	38.3
15	40.5
16	38.6
17	39.8
18	40.1
19	43.5
20	39.9
21	46.8
22	43.7
23	43.6
24	44.6
25	41.8
26	43.9
27	46.6
28	40.3
29	42.6
30	42.2
31	44.8
32	47.5
33	44.4
34	42.6
35	47.5
36	42.3
37	41.5
38	40.2
39	43.2
40	43.2
41	43.8
42	49.5
43	40.8
44	40.7
45	45.6
46	42.3
47	44.1
48	39.1
49	43
50	36
51	42.5
52	45.1
53	35.5
54	35.5
55	41.1
56	44.2
57	39.6
58	41.4
59	42.9
60	40.7
61	38
62	35.6
63	38.8
64	40.9
65	40.8
66	43.4
67	35.7
68	38.2
69	44.6
70	37.4
71	41.6
72	39
73	37.5
74	36.5
75	44.5
76	39.9
77	36.7
78	37.8
79	39.8
80	37.3
81	40.7
82	45.6
83	44.7
84	44.8
85	35.6
86	47
87	44.8
88	41.7
89	46.6
90	41.2
91	42.7
92	39.5
93	43.8
94	38.5
95	42
96	43.1
97	39.2
98	35
99	45.8
100	39.3
101	42.5
102	44.4
103	44.5
104	41
105	41.1
106	37.7
107	40.8
108	42.7
109	39.4
110	40.3
111	39.3
112	37.7
113	40.8
114	39.1
115	45.7
116	39.6
117	42
118	37.3
119	42
120	35.6
121	45
122	41.8
123	44
124	43.1
125	39.3
126	39.7
127	38.3
128	45
129	44.1
130	41.4
131	39.6
132	38.4
133	43.6
134	38
135	40.1
136	43.1
137	39.1
138	43.6
139	41.4
140	41.2
141	45.4
142	40
143	35.2
144	41.3
145	43.5
146	42.7
147	43.6
148	36.3
149	36.9
150	37.2
151	37.1
152	37.4
153	40.7
154	42.6
155	39.5
156	42.6
157	41.8
158	38.7
159	39.7
160	44.3
161	39.4
162	40.7
163	47.4
164	39
165	41.5
166	39.1
167	44.8
168	38.7
169	43.4
170	44.8
171	39.3
172	43.7
173	48
174	36.6
175	41.7
176	37.5
177	41.1
178	43.2
179	43.3
180	41.3
181	39.2
182	42.7
183	40.8
184	40.3
185	44
186	41
187	40.7
188	38.7
189	45.8
190	45.2
191	44.8
192	37
193	44.6
194	45.3
195	50.1
196	50
197	42.7
198	43.2
199	47
200	39.1
201	44.7
202	44.7
203	43.6
204	42.1
205	41.3
206	37.7
207	39.3
208	42.3
209	42.6
210	41.4
211	40.9
212	41.2
213	38.2
214	42
215	40.8
216	37.9
217	46.3
218	40.1
219	37.6
220	43.8
221	43.1
222	38.1
223	43.4
224	37.9
225	40.7
226	40.1
227	38.6
228	37.2
229	34.9
230	43.4
231	39.1
232	45
233	40.4
234	37.9
235	44.2
236	44.8
237	41.1
238	40.5
239	37.8
240	40.4
241	40.1
242	37.4
243	45.4
244	50.5
245	40.9
246	40.5
247	38.6
248	40.6
249	37.3
250	35.9
251	38.3
252	39
253	40.6
254	40.7
255	35.1
256	39.4
257	40.5
258	42.5
259	42
260	39
261	42.2
262	44.8
263	38.3
264	39.5
265	40.9
266	44.3
267	40.1
268	45.5
269	36.7
270	37.9
271	37.6
272	45.8
273	44.3
274	38.8
275	40.7
276	35
277	40.9
278	40.8
279	37.4
280	38.3
281	37.6
282	44.3
283	40
284	39.4
285	46.4
286	39.6
287	44.1
288	37
289	39.2
290	36.1
291	38.8
292	39.3
293	36.4
294	39.5
295	41.9
296	43.4
297	35.4
298	44.6
299	36.8
300	37.9
301	39.3
302	35.9
303	41.2
304	39.8
305	41
306	40.2
307	42.1
308	46.9
309	47.1
310	42.2
311	43
312	44
313	36.4
314	34.4
315	35.6
316	39.4
317	34.7
318	37.1
319	40
320	42
321	40.6
322	42.5
323	32.4
324	43.5
325	39.2
326	31.9
327	40
328	35.3
329	37.7
330	36.5
331	42
332	41.2
333	37.5
334	34.3
335	38.9
336	41.9
337	40.5
338	37.7
339	39
340	37.6
341	41.6
342	35.1
343	35.2
344	39.7
345	35.5
346	42
347	36
348	42.9
349	39.7
350	46.9
351	45.8
352	48.7
353	43.4
354	43.5
355	45
356	43.5
357	40
358	36.1
359	39.4
360	42.1
361	40.9
362	40.8
363	46.1
364	38
365	41.9
366	39
367	41.7
368	33.9
369	42.3
370	51.3
371	49.6
372	41.9
373	46
374	43.9
375	39.3
376	36.9
377	45.4
378	41
379	39
380	46.5
381	42.9
382	35.1
383	39.1
384	38
385	37.5
386	39.6
387	36.2
388	40.9
389	41.7
390	39.8
391	42.2
392	35.3
393	35.3
394	37.8
395	39.4
396	39.9
397	47
398	48.4
399	41.3
400	45.9
401	46.1
402	40.9
403	42.5
404	45.7
405	45.7
406	40.8
407	39.4
408	41.4
409	44.7
410	41.9
411	45.5
412	42.9
413	45.5
414	44.4
415	49
416	42.3
417	44.7
418	45.8
419	44.6
420	38.3
421	43
422	45.1
423	40
424	42.6
425	41
426	36.5
427	38.3
428	48.3
429	47.1
430	44.8
431	38.8
432	39.1
433	40.2
434	50.7
435	43.2
436	36.2
437	46
438	47.4
439	44.6
440	47
441	43.6
442	43.7
443	42.1
444	39.8
445	40.6
446	41.4
447	46.9
448	42.2
449	43
450	43.1
451	37.3
452	44.8
453	45.1
454	41.1
455	41.1
456	46.8
457	35.6
458	35.1
459	45.8
460	43.1
461	39.2
462	40.7
463	39.2
464	39
465	38.9
466	39.9
467	42
468	47.7
469	39.8
470	39.7
471	42.9
472	42.5
473	42.3
474	38.1
475	40
476	34.4
477	39.5
478	40.3
479	36.7
480	37
481	45.6
482	38.1
483	40.3
484	41
485	42.8
486	41.2
487	45
488	43.5
489	45.6
490	39.9
491	42.2
492	42
493	46.9
494	41.9
495	40.5
496	41.5
497	49.8
498	43.4
499	43.5
500	46.7
501	52.4
502	40.6
503	36.3
504	36.9
505	38.4
506	40.1
507	32.5
508	39.2
509	39.5
510	36.7
511	35.9
512	38.7
513	37.9
514	35.7
515	40.5
516	39
517	47.9
518	43.9
519	37.5
520	42.4
521	40.9
522	47.4
523	44.8
524	47
525	44.8
526	47.1
527	49.5
528	46.6
529	36.8
530	43.7
531	35.6
532	37.8
533	41.5
534	40.5
535	42.3
536	45.7
537	38.1
538	41.2
539	38.7
540	38.5
541	41.6
542	40.8
543	43
544	40.6
545	37.6
546	35.4
547	41.8
548	45.7
549	42.6
550	45.2
551	41.9
552	40.2
553	43.1
554	42.2
555	40.7
556	44.2
557	43.6
558	46.1
559	43.3
560	37.8
561	42.1
562	41.1
563	44
564	36.6
565	41.7
566	42.2
567	43.4
568	38.2
569	39
570	45
571	42.1
572	39.4
573	40.9
574	43.4
575	34.9
576	41.3
577	37.6
578	43.5
579	41.9
580	34.4
581	42.4
582	40.3
583	42.4
584	44.8
585	48.8
586	34.8
587	37.4
588	35.8
589	42.6
590	37.5
591	35.6
592	39.4
593	38.9
594	43.1
595	37.3
596	44.1
597	40.4
598	46.7
599	47.1
600	35.3
601	39.7
602	43.8
603	43.8
604	42.4
605	41.9
606	38.9
607	46.1
608	40.7
609	42.1
610	48.3
611	41.7
612	46.4
613	40.5
614	41.3
615	42.7
616	41
617	43.4
618	43.3
619	43.3
620	46.6
621	40.7
622	47.7
623	45.2
624	38.6
625	32.1
626	43.8
627	41.7
628	45.8
629	41.8
630	43.5
631	40.2
632	40.2
633	38.8
634	48.4
635	43
636	47.4
637	39.7
638	40.4
639	38.5
640	39
641	38.2
642	41.2
643	41.6
644	44.9
645	46.7
646	42.2
647	43.2
648	43.8
649	50.3
650	40.5
651	35.9
652	44.7
653	47.6
654	41.2
655	41.4
656	40.6
657	45.4
658	44.7
659	47.9
660	38.4
661	41.7
662	39.5
663	40.9
664	37.6
665	47.1
666	47.3
667	45.6
668	42.7
669	39.3
670	44.5
671	44.4
672	44.8
673	42.5
674	43.4
675	48.6
676	40.7
677	41.4
678	40
679	47.9
680	44.6
681	40.6
682	39.4
683	53.4
684	42.9
685	44.6
686	46.7
687	40
688	45.4
689	43.2
690	37.1
691	40.4
692	43.2
693	43.2
694	41.5
695	44.1
696	46.4
697	42.2
698	40
699	43.1
700	40.3
701	40.2
702	40
703	52.4
704	42.5
705	38.2
706	43.6
707	40.6
708	45.6
709	42.9
710	42.9
711	48.5
712	43.9
713	46.1
714	41.2
715	42.7
716	39.9
717	43.7
718	44.8
719	43.4
720	43
721	44.8
722	42.9
723	40.9
724	43.5
725	44.3
726	40.4
727	42.8
728	42
729	39.2
730	37.1
731	46.3
732	50.9
733	45.2
734	40.7
735	44
736	41.5
737	45.6
738	43.8
739	38.8
740	40.9
741	37.2
742	44.2
743	46.7
744	44.8
745	43.1
746	42.9
747	38.1
748	48.8
749	42.8
750	45.4
751	39.7
752	45.5
753	44.6
754	39.5
755	45.4
756	44.5
757	42.8
758	45.7
759	42.3
760	44.8
761	42.6
762	42.6
763	44.4
764	45.6
765	46.6
766	43.9
767	47.2
768	35.8
769	38.9
770	38.6
771	41.8
772	42
773	45.4
774	42
775	45.4
776	39.6
777	43.6
778	42.9
779	45.3
780	41.8
781	40.4
782	42.7
783	44.6
784	41.9
785	42.3
786	42.1
787	39.7
788	43.2
789	42.7
790	42.7
791	45.5
792	40
793	42.2
794	42.1
795	48.7
796	44
797	42.7
798	45.8
799	46.4
800	43.8
801	44.5
802	44.5
803	49.1
804	43.3
805	40.5
806	38.1
807	43.4
808	42.9
809	45.2
810	43.4
811	44
812	37.8
813	41.1
814	41.8
815	40.1
816	42.3
817	41.8
818	37
819	44.6
820	42.9
821	40
822	43.5
823	41.5
824	46.5
825	46.9
826	41.3
827	46.4
828	41.1
829	44.9
830	46.2
831	45
832	45
833	42.1
834	45.1
835	44.6
836	46.9
837	38.3
838	42.8
839	42.9
840	47
841	44.2
842	44.3
843	41.9
844	47.3
845	45.8
846	42.4
847	39.7
848	41.3
849	43.6
850	38.7
851	44
852	42.1
853	40.8
854	40.5
855	39.8
856	48.4
857	48.3
858	45.3
859	45.2
860	48.3
861	46.5
862	44.2
863	42.4
864	44.8
865	45.8
866	44.3
867	47.7
868	46.3
869	41.8
870	45
871	46.4
872	44.9
873	44.2
874	34.2
875	45.1
876	47.7
877	45.6
878	43.8
879	39
880	42.4
881	40.2
882	46.6
883	45
884	43.2
885	43.7
886	42.6
887	36.3
888	45.8
889	40.8
890	42.2
891	39.8
892	44.6
893	45
894	42
895	35.1
896	44.9
897	43.4
898	45
899	43.7
900	48.8
901	38.7
902	37.3
903	39.5
904	41.1
905	41.5
906	43.1
907	42.7
908	38.8
909	44.3
910	46
911	39.3
912	37.5
913	43.4
914	40.4
915	43.1
916	46.1
917	45.5
918	42.9
919	42.6
920	45.6
921	40.2
922	38.3
923	45.3
924	41.1
925	40.6
926	47.3
927	36.6
928	43.5
929	39.4
930	45.2
931	46.3
932	45.6
933	39.5
934	41.5
935	46.3
936	46.2
937	40.3
938	41.9
939	38.9
940	41.9
941	40.6
942	42
943	49.7
944	43
945	48.3
946	45.5
947	46.9
948	43.5
949	47
950	39.6
951	37.7
952	40.7
953	41.4
954	43.8
955	47.3
956	41.7
957	40.2
958	45.4
959	47.2
960	36.6
961	44.5
962	40.1
963	45.8
964	48
965	45.6
966	46.1
967	44.9
968	40.8
969	40.1
970	39.7
971	41.9
972	43.4
973	40.4
974	38.7
975	39.8
976	41.2
977	43.3
978	47.7
979	43.2
980	47.9
981	37.8
982	42.6
983	44
984	47.5
985	40.5
986	46.9
987	37
988	43.8
989	40.5
990	44.4
991	43.9
992	42
993	39.8
994	38.2
995	41.3
996	46.7
997	48.2
998	37.6
999	41
1000	46.3
1001	45.9
1002	41.9
1003	40.4
1004	39
1005	37.6
1006	42.1
1007	45.2
1008	46.3
1009	44.6
1010	41.2
1011	41.3
1012	42.8
1013	42.7
1014	42.6
1015	46.2
1016	44.1
1017	43.8
1018	41.8
1019	39.5
1020	42.8
1021	44
1022	43.7
1023	45.9
1024	39.7
1025	40.1
1026	47.6
1027	44.5
1028	47.8
1029	38.3
1030	40.1
1031	46.6
1032	36.4
1033	45.2
1034	43.4
1035	38.3
1036	44.1
1037	44.8
1038	42.8
1039	43.7
1040	41.4
1041	36.4
1042	41.6
1043	34.3
1044	45.8
1045	40.7
1046	48
1047	40.3
1048	42.7
1049	45
1050	38.6
1051	43.4
1052	45.6
1053	47.1
1054	48.9
1055	45.1
1056	42.4
1057	49.9
1058	44.5
1059	40.2
1060	44.2
1061	45.1
1062	43.7
1063	44.4
1064	43.7
1065	48.6
1066	41.9
1067	45.4
1068	44.1
1069	37.9
1070	47.3
1071	44.6
1072	46.3
1073	43.9
1074	38
1075	41.4
1076	44.4
1077	45.8
1078	48.6
1079	42.6
1080	46.8
1081	45.6
1082	42.6
1083	39.7
1084	46.5
1085	43.2
1086	44
1087	46.1
1088	38.5
1089	42.5
1090	45.7
1091	47.9
1092	43.7
1093	48.9
1094	41
1095	42.8
1096	40.9
1097	44
1098	40.6
1099	46.5
1100	39.1
1101	43.7
1102	50.2
1103	38.6
1104	43.3
1105	48.5
1106	44.2
1107	41.1
1108	44.5
1109	42.4
1110	39.3
1111	48.2
1112	40.1
1113	47.4
1114	48.5
1115	38.5
1116	41.1
1117	41.2
1118	45.9
1119	44.1
1120	38.1
1121	45.5
1122	40.8
1123	43.8
1124	47.2
1125	36.5
1126	50.5
1127	44.3
1128	38
1129	43.5
1130	44.2
1131	39.3
1132	39.2
1133	46.6
1134	41.7
1135	37.5
1136	40.3
1137	41.8
1138	39
1139	49.3
1140	39.4
1141	46
1142	40
1143	46
1144	42.6
1145	40
1146	41.6
1147	44.6
1148	45.1
1149	45.8
1150	43.9
1151	37.8
1152	42.3
1153	41.2
1154	45
1155	41.8
1156	43.2
1157	42.8
1158	42.3
1159	43
1160	45.1
1161	36.2
1162	49
1163	37.7
1164	40.4
1165	41.7
1166	46.8
1167	37.6
1168	39.5
1169	43.4
1170	42.2
1171	39.8
1172	43.7
1173	48.7
1174	46.8
1175	49.6
1176	42.3
1177	43.3
1178	35.4
1179	42
1180	38.4
1181	44
1182	39.1
1183	42.3
1184	43.7
1185	42.9
1186	43.8
1187	43.7
1188	43.1
1189	42.2
1190	47
1191	42.4
1192	42.7
1193	43.4
1194	43
1195	40
1196	47
1197	40
1198	41.7
1199	46.8
1200	39.8
1201	38.7
1202	41.8
1203	43.2
1204	44.9
1205	44.5
1206	37.7
1207	46.4
1208	38.3
1209	41.4
1210	46.5
1211	41.3
1212	42.5
1213	42.6
1214	42.6
1215	44.6
1216	44.5
1217	41.9
1218	38.2
1219	42.4
1220	42.4
1221	41.7
1222	37.5
1223	45.6
1224	47.3
1225	40.5
1226	38.2
1227	46.8
1228	43.5
1229	41.7
1230	49.6
1231	44.9
1232	46.1
1233	41.8
1234	38.6
1235	48
1236	44.7
1237	45
1238	38.1
1239	40.1
1240	41.8
1241	42.1
1242	45
1243	44.3
1244	43.1
1245	39.1
1246	41.9
1247	41.2
1248	46
1249	40.3
1250	48.2
1251	39
1252	42.6
1253	44.1
1254	45.9
1255	43.6
1256	48
1257	38.7
1258	38.9
1259	44.4
1260	45.1
1261	49.1
1262	40.4
1263	41.2
1264	41.1
1265	42.4
1266	44.5
1267	38.6
1268	43.2
1269	42.1
1270	44.7
1271	44.2
1272	47
1273	44.8
1274	43.2
1275	52.8
1276	43.4
1277	43.3
1278	43.5
1279	47.9
1280	45.2
1281	43.2
1282	47.9
1283	50.6
1284	43.8
1285	44.2
1286	41.7
1287	42.9
1288	43.8
1289	41.3
1290	43.7
1291	50
1292	44.1
1293	42.7
1294	42.9
1295	47.7
1296	43.7
1297	43.5
1298	41
1299	51.2
1300	45.5
1301	41
1302	41.9
1303	46.1
1304	42.6
1305	44.8
1306	46.4
1307	49.4
1308	43
1309	50.5
1310	46.1
1311	47.6
1312	46.4
1313	50.6
1314	41.6
1315	47.1
1316	47.3
1317	37.2
1318	48.8
1319	49.1
1320	44.7
1321	43.2
1322	45.9
1323	48.4
1324	44.3
1325	41.2
1326	47.3
1327	44.9
1328	39
1329	49.5
1330	50.4
1331	53.7
1332	42.8
1333	43.4
1334	45.5
1335	43.5
1336	44.9
1337	51
1338	45.3
1339	45.8
1340	42.8
1341	42.5
1342	44.1
1343	42.3
1344	39.8
1345	40
1346	48.1
1347	44.7
1348	47.6
1349	46.7
1350	45.5
1351	47
1352	42.2
1353	46.2
1354	43.3
1355	45
1356	40.1
1357	43
1358	41.9
1359	43.5
1360	45.8
1361	50.6
1362	47.6
1363	54.8
1364	48.9
1365	48
1366	39.8
1367	43.8
1368	41.4
1369	44
1370	39.1
1371	43
1372	39.3
1373	41.2
1374	41.2
1375	44.6
1376	43.1
1377	50.2
1378	45.8
1379	44.1
1380	43.2
1381	45.3
1382	36
1383	40.1
1384	48.3
1385	38.9
1386	48.7
1387	50.3
1388	48.7
1389	46.1
1390	48.7
1391	49.1
1392	47.8
1393	51.2
1394	50.9
1395	42.2
1396	47.1
1397	40.8
1398	42.8
1399	44.6
1400	44.2
1401	43.6
1402	48.9
1403	41.8
1404	48.3
1405	42.3
1406	38.2
1407	45.8
1408	48.8
1409	44.2
1410	51.3
1411	48.1
1412	48.7
1413	49.1
1414	42.4
1415	49.2
1416	50.5
1417	47.5
1418	41.7
1419	41.7
1420	48.2
1421	54.7
1422	39
1423	43.5
1424	45.8
1425	44.9
1426	46.9
1427	45.7
1428	44.8
1429	45.2
1430	40.5
1431	42.1
1432	49.2
1433	46.7
1434	40.3
1435	33.2
1436	47.3
1437	50.3
1438	44.4
1439	45.1
1440	42
1441	43.8
1442	39.8
1443	44.5
1444	42.1
1445	44.2
1446	48.4
1447	47
1448	42.6
1449	43.4
1450	45.2
1451	41.8
1452	43.2
1453	45.2
1454	49.4
1455	43.7
1456	42.5
1457	50.2
1458	37.7
1459	40.3
1460	44.7
1461	44.5
1462	47.1
1463	41.3
1464	43.3
1465	48.2
1466	45.5
1467	41.9
1468	44.9
1469	46.8
1470	47.2
1471	39.7
1472	43.5
1473	50.9
1474	45.5
1475	40.9
1476	45.9
1477	44
1478	46.6
1479	44
1480	43.7
1481	45.6
1482	42
1483	45.8
1484	41.3
1485	39.8
1486	39.4
1487	43.1
1488	40.5
1489	50.3
1490	40
1491	49.9
1492	41.5
1493	45.3
1494	48.6
1495	41.6
1496	47.1
1497	46.3
1498	46.6
1499	44.3
1500	51.6
1501	44.4
1502	43.4
1503	42.6
1504	43.3
1505	43.5
1506	38.9
1507	41.3
1508	47.2
1509	46.1
1510	51.6
1511	47
1512	46.3
1513	41.8
1514	36.9
1515	41.7
1516	43
1517	50.9
1518	45.4
1519	39.5
1520	48.3
1521	40.3
1522	41.3
1523	41.4
1524	43.4
1525	47.8
1526	46.4
1527	43.6
1528	52.9
1529	34.3
1530	43.5
1531	39.6
1532	46.3
1533	44.3
1534	43.4
1535	48.3
1536	42.9
1537	43.4
1538	38
1539	43.4
1540	48.7
1541	45.8
1542	40.3
1543	48.9
1544	44.5
1545	44.3
1546	38.2
1547	43.5
1548	45.4
1549	40.7
1550	37.2
1551	38.5
1552	41.9
1553	38.5
1554	42.5
1555	39.7
1556	42.2
1557	41.8
1558	40.3
1559	37.5
1560	48.4
1561	41.9
1562	42.7
1563	43.3
1564	43.4
1565	38.8
1566	40.1
1567	39.2
1568	43.8
1569	42
1570	42.7
1571	41.2
1572	41.8
1573	47
1574	47.1
1575	41.3
1576	40.9
1577	47.5
1578	45.9
1579	39.9
1580	45.8
1581	40.6
1582	41
1583	39
1584	43
1585	46.3
1586	47.6
1587	44.9
1588	39.4
1589	44.9
1590	41.3
1591	43.7
1592	43.6
1593	48
1594	46.5
1595	47.7
1596	36.9
1597	41.5
1598	40.2
1599	46.8
1600	42.9
1601	46.2
1602	46.7
1603	41.8
1604	41
1605	40
1606	45.5
1607	41.7
1608	45.4
1609	50.6
1610	40.3
1611	43.8
1612	42
1613	40.8
1614	41.5
1615	44.2
1616	41.5
1617	48.5
1618	44.8
1619	39.8
1620	42.7
1621	42.7
1622	40.9
1623	46.1
1624	45.6
1625	45.9
1626	42.9
1627	40.7
1628	37.5
1629	42.3
1630	42.2
1631	43.9
1632	45.9
1633	44
1634	38
1635	36.7
1636	35.8
1637	41.8
1638	38.8
1639	40.8
1640	36.4
1641	40.4
1642	44.5
1643	44.9
1644	40
1645	42.4
1646	39.2
1647	41.6
1648	40.7
1649	48.7
1650	42.3
1651	42.2
1652	42.7
1653	42.7
1654	40.7
1655	39
1656	31.5
1657	40.3
1658	42.4
1659	41
1660	35.8
1661	38.7
1662	38.6
1663	47
1664	39.6
1665	43.2
1666	35.7
1667	40.3
1668	43.2
1669	40.2
1670	45.8
1671	38.1
1672	50.7
1673	41.6
1674	43.7
1675	37.2
1676	39.3
1677	42.6
1678	42
1679	45.6
1680	43.8
1681	42
1682	40.2
1683	36.7
1684	29.8
1685	34.6
1686	39.7
1687	34.6
1688	39.6
1689	38.1
1690	43.4
1691	41.2
1692	43.4
1693	38.2
1694	39.2
1695	41.1
1696	43.3
1697	50.5
1698	34
1699	40.5
1700	43.1
1701	37.4
1702	45.6
1703	43.8
1704	48.1
1705	42.2
1706	43.1
1707	42.3
1708	40.5
1709	36.3
1710	42
1711	39.7
1712	40.3
1713	41
1714	50.2
1715	53.7
1716	46.5
1717	43.7
1718	39.7
1719	48.8
1720	42.2
1721	44.7
1722	41.9
1723	46.3
1724	44
1725	41.9
1726	43.6
1727	40.2
1728	48.4
1729	40.1
1730	42.8
1731	42.1
1732	44.4
1733	42.7
1734	42
1735	47.3
1736	38.4
1737	46.3
1738	40.7
1739	41.5
1740	40.9
1741	41.1
1742	48.3
1743	43.5
1744	41.6
1745	42.1
1746	44.5
1747	44.5
1748	42
1749	43.3
1750	39.1
1751	48.4
1752	39.2
1753	43.2
1754	49.8
1755	44.7
1756	43.3
1757	42.2
1758	43.3
1759	38.9
1760	44.4
1761	41.3
1762	42.3
1763	39.7
1764	47.9
1765	44.8
1766	41.8
1767	44.8
1768	42.9
1769	41.2
1770	42
1771	40.5
1772	41.9
1773	42.2
1774	44.4
1775	45.3
1776	43.6
1777	39.3
1778	43.8
1779	38.1
1780	33.5
1781	44
1782	38.5
1783	36.6
1784	42
1785	43.5
1786	42.7
1787	38.1
1788	43.3
1789	38.8
1790	38
1791	37.7
1792	42.7
1793	34.1
1794	39.9
1795	41.8
1796	40.5
1797	34.6
1798	42.8
1799	39.2
1800	42.4
1801	43
1802	49
1803	47.5
1804	38
1805	42.1
1806	41.4
1807	41.7
1808	41.6
1809	38.6
1810	42.6
1811	41
1812	38.1
1813	32.8
1814	38.1
1815	37.6
1816	41.8
1817	35.7
1818	37.7
1819	34.6
1820	37.3
1821	39.5
1822	38.8
1823	37.6
1824	45.1
1825	35.6
1826	39.6
1827	36
1828	35
1829	38
1830	38
1831	38
1832	36
1833	45
1834	37.4
1835	41.5
1836	39.6
1837	45.4
1838	38.8
1839	47.8
1840	42.2
1841	45.2
1842	39.6
1843	42.5
1844	37.3
1845	37.8
1846	37.2
1847	33.1
1848	37.8
1849	42.4
1850	39.5
1851	41.7
1852	40.2
1853	37.1
1854	33.1
1855	36.2
1856	36.8
1857	35.8
1858	41.2
1859	41.9
1860	40.2
1861	41.5
1862	41.4
1863	41.9
1864	38.7
1865	39.9
1866	43.2
1867	44.7
1868	40.7
1869	44.6
1870	36.1
1871	42.7
1872	45.2
1873	40.2
1874	44.5
1875	34.1
1876	32.3
1877	38.7
1878	41.8
1879	29.6
1880	45.3
1881	44.7
1882	44.5
1883	41.3
1884	39.6
1885	39.5
1886	41.9
1887	45.2
1888	42.2
1889	46.1
1890	42.2
1891	41.1
1892	38.7
1893	43.8
1894	38.8
1895	40.5
1896	43.3
1897	41.2
1898	42.4
1899	40.4
1900	37.6
1901	38.1
1902	46.8
1903	37.9
1904	40.2
1905	36.6
1906	46.2
1907	45.4
1908	45.5
1909	41.8
1910	46
1911	40.1
1912	40.1
1913	43.5
1914	41.2
1915	43.7
1916	46.5
1917	40.6
1918	47.7
1919	35
1920	41.7
1921	38.6
1922	37.1
1923	36.2
1924	34.9
1925	38.7
1926	39.8
1927	45.2
1928	40
1929	41.3
1930	44.7
1931	40.2
1932	41.2
1933	40.8
1934	42.1
1935	47.2
1936	36.1
1937	43.4
1938	46.8
1939	38.2
1940	43.4
1941	36.9
1942	40.4
1943	37.4
1944	32.8
1945	38.4
1946	38.6
1947	39.3
1948	45.6
1949	39.7
1950	42.8
1951	40.5
1952	35.2
1953	34.7
1954	37.6
1955	38
1956	39.5
1957	37.2
1958	45.2
1959	37.7
1960	38.5
1961	41.6
1962	37.6
1963	32.5
1964	42.1
1965	37.1
1966	38.3
1967	38
1968	41.2
1969	41.3
1970	40.5
1971	44.2
1972	36.9
1973	41.2
1974	39
1975	37
1976	37.4
1977	39.6
1978	38.2
1979	43.1
1980	39
1981	38.5
1982	37.8
1983	40.3
1984	35.3
1985	42.7
1986	40.4
1987	39.8
1988	37.5
1989	34.6
1990	51.7
1991	44.9
1992	44.2
1993	44.9
1994	44.4
1995	51.1
1996	40.1
1997	51.5
1998	47.4
1999	39.3
2000	41.7
2001	41.9
2002	41.5
2003	42.7
2004	41.5
2005	35.4
2006	41.4
2007	42
2008	39.7
2009	45
2010	44.8
2011	42.4
2012	41.6
2013	42.4
2014	45.1
2015	37.3
2016	44.9
2017	49.3
2018	43.3
2019	47.1
2020	40.5
2021	46.6
2022	43
2023	40.2
2024	43.9
2025	43.3
2026	37.2
2027	43.9
2028	47.4
2029	45.3
2030	48.5
2031	44.3
2032	49.7
2033	41.1
2034	40.5
2035	42.3
2036	44.2
2037	42.9
2038	40.5
2039	35.3
2040	43.9
2041	43.6
2042	36.2
2043	48.4
2044	44.1
2045	34.5
2046	40.4
2047	38.2
2048	34
2049	40.2
2050	45.9
2051	40.4
2052	38.5
2053	38
2054	37.6
2055	37
2056	41.7
2057	37.8
2058	40.5
2059	35.9
2060	34.6
2061	42.9
2062	30.7
2063	41.3
2064	38.8
2065	40.4
2066	37.1
2067	41
2068	37.6
2069	39.7
2070	36.2
2071	36.5
2072	37
2073	36.7
2074	34.1
2075	35.3
2076	41.8
2077	43.3
2078	36.9
2079	31.8
2080	45.2
2081	43.9
2082	41.2
2083	38.9
2084	41.9
2085	42.7
2086	45.1
2087	45
2088	42
2089	30.9
2090	38.5
2091	42.8
2092	35
2093	42.9
2094	39.7
2095	45.3
2096	42.3
2097	41.5
2098	40.4
2099	35.8
2100	40.6
2101	34.6
2102	41.2
2103	42.4
2104	44.1
2105	44.1
2106	36.2
2107	41
2108	39.2
2109	37.1
2110	40.5
2111	50
2112	38.3
2113	45.4
2114	45.2
2115	45.3
2116	43.1
2117	45.4
2118	46.7
2119	42.7
2120	46.8
2121	46.5
2122	48.5
2123	40.2
2124	39.7
2125	42.5
2126	37.3
2127	41.9
2128	43.3
2129	44.6
2130	44
2131	40.6
2132	26.5
2133	45.5
2134	39.9
2135	39.2
2136	33.2
2137	35.3
2138	39
2139	39.1
2140	34.3
2141	32.1
2142	29.9
2143	38.3
2144	44.4
2145	41.8
2146	34.8
2147	40.1
2148	38.8
2149	41.9
2150	42.5
2151	40.6
2152	47.6
2153	41.2
2154	44.3
2155	43
2156	43.4
2157	48.7
2158	44.9
2159	42.3
2160	39.1
2161	44.1
2162	42.3
2163	39.7
2164	42.9
2165	41
2166	38.8
2167	39.7
2168	49.9
2169	47.2
2170	41.9
2171	44.5
2172	51
2173	44.3
2174	43.6
2175	44.6
2176	39.5
2177	37.6
2178	46.1
2179	36.4
2180	41.6
2181	42.8
2182	39
2183	39.9
2184	40.3
2185	37.4
2186	40.1
2187	34
2188	40.2
2189	34.1
2190	36.3
2191	45.4
2192	42.1
2193	41.8
2194	39.7
2195	39.6
2196	39.6
2197	47.7
2198	45.5
2199	47.5
2200	37.8
2201	40.5
2202	44.4
2203	39.9
2204	43.3
2205	36.1
2206	46.5
2207	39.5
2208	42.3
2209	43.2
2210	46.1
2211	36.2
2212	40
2213	43
2214	36.4
2215	39.4
2216	40.5
2217	42.3
2218	43.7
2219	34.7
2220	43.6
2221	43.7
2222	43.5
2223	44.1
2224	42.7
2225	42
2226	45.7
2227	45.6
2228	33.1
2229	44
2230	46.2
2231	40.6
2232	44
2233	49
2234	41.8
2235	39.9
2236	37
2237	41.6
2238	49.4
2239	39.5
2240	43.2
2241	43
2242	37.9
2243	40.2
2244	39.8
2245	42.6
2246	42
2247	43
2248	44.8
2249	40.6
2250	38.5
2251	45.1
2252	36.5
2253	40.9
2254	36.8
2255	39
2256	41.9
2257	36.5
2258	40.1
2259	48.5
2260	42.6
2261	39.6
2262	41.6
2263	41.4
2264	37.7
2265	38.5
2266	42.2
2267	36.2
2268	42.3
2269	40
2270	39.6
2271	41.3
2272	42.6
2273	43.8
2274	38.6
2275	41.5
2276	41
2277	36.7
2278	41
2279	40.6
2280	38.8
2281	42
2282	43.2
2283	43.7
2284	40.4
2285	38.5
2286	47.4
2287	39.2
2288	44.7
2289	43
2290	37.5
2291	41.5
2292	42.4
2293	40.9
2294	50.8
2295	40.1
2296	45.7
2297	36.1
2298	41.1
2299	36.7
2300	36.4
2301	37.7
2302	43.9
2303	37.4
2304	41.2
2305	42.9
2306	41.5
2307	37
2308	38.1
2309	41.6
2310	39.8
2311	45
2312	38.8
2313	40.4
2314	41.1
2315	39.2
2316	40
2317	41.6
2318	39.2
2319	40.7
2320	40.5
2321	41.3
2322	36.9
2323	44.8
2324	40.4
2325	39.9
2326	44.3
2327	NA
2328	42.5
2329	45.5
2330	49.1
2331	43.6
2332	37.7
2333	38.6
2334	33.5
2335	37.7
2336	43.9
2337	38.5
2338	41.9
2339	44.3
2340	40.7
2341	39.8
2342	43
2343	48
2344	44.2
2345	43.4
2346	44.9
2347	48.6
2348	41.2
2349	46.4
2350	40.3
2351	43.4
2352	43.7
2353	46.5
2354	46
2355	38.8
2356	47.3
2357	43.9
2358	41.5
2359	43.4
2360	46.7
2361	41.3
2362	37.7
2363	36.5
2364	42.9
2365	37.3
2366	43
2367	42.5
2368	38.7
2369	51.9
2370	43.1
2371	45.4
2372	47.3
2373	48.5
2374	38.7
2375	37.8
2376	36.8
2377	37.9
2378	42.8
2379	39.6
2380	46.4
2381	38.2
2382	47.5
2383	40.6
2384	42.2
2385	40.5
2386	38.5
2387	38
2388	48.8
2389	42.3
2390	40.2
2391	41.3
2392	38.2
2393	39.3
2394	38.1
2395	42.1
2396	37.1
2397	38.1
2398	38.1
2399	31
2400	37.2
2401	39.9
2402	38.9
2403	37.1
2404	39.8
2405	43.9
2406	39.6
2407	40.9
2408	36.5
2409	41.9
2410	34
2411	38.2
2412	40.8
2413	43.1
2414	37
2415	47.3
2416	44.6
2417	46.9
2418	46
2419	44.8
2420	47.5
2421	43
2422	46
2423	43.7
2424	41.9
2425	40.6
2426	47.9
2427	40.7
2428	42
2429	41
2430	45.8
2431	42.1
2432	38.6
2433	38.9
2434	48.5
2435	45.4
2436	43.7
2437	40.5
2438	44
2439	45.5
2440	36.6
2441	40.9
2442	40.5
2443	39.7
2444	40.5
2445	35.9
2446	40.5
2447	46.3
2448	38.4
2449	41.5
2450	39.6
2451	41.9
2452	37.7
2453	42.6
2454	33.1
2455	40.8
2456	40.5
2457	41
2458	44.4
2459	35.1
2460	37.1
2461	42.2
2462	43
2463	38.9
2464	42.5
2465	42.6
2466	39.6
2467	40
2468	41.9
2469	42.8
2470	38.4
2471	40
2472	39.8
2473	42.6
2474	47.3
2475	45.1
2476	45.5
2477	36
2478	39
2479	39
2480	41
2481	39.2
2482	46.4
2483	42.1
2484	47.8
2485	44.6
2486	46.2
2487	38.2
2488	40.9
2489	43
2490	39.4
2491	45.3
2492	38.9
2493	35.5
2494	36.7
2495	37.4
2496	36.7
2497	45.5
2498	36.7
2499	38.1
2500	34.7
2501	41.7
2502	44.1
2503	48.7
2504	40.3
2505	42.7
2506	43.8
2507	36.8
2508	35.7
2509	47.6
2510	33.9
2511	42.7
2512	44.8
2513	39.7
2514	38.8
2515	43.9
2516	39.4
2517	39.8
2518	37.9
2519	40.2
2520	42
2521	43.1
2522	41
2523	42.9
2524	40.5
2525	44.4
2526	42.7
2527	41.6
2528	43.6
2529	44.5
2530	40.3
2531	50
2532	38.1
2533	43.2
2534	41.8
2535	39.4
2536	40
2537	37.8
2538	34.8
2539	36.2
2540	43
2541	37.3
2542	44.3
2543	47.4
2544	45.7
2545	44.3
2546	50
2547	43.6
2548	42.9
2549	40.2
2550	38.9
2551	41.4
2552	35.7
2553	35.3
2554	42
2555	42.7
2556	43
2557	39.2
2558	40.2
2559	42.8
2560	46.1
2561	37.5
2562	40.1
2563	45.2
2564	34.9
2565	35.2
2566	38.2
2567	42.1
2568	44.6
2569	46
2570	38.3
2571	35.4
2572	36.9
2573	39.7
2574	36.4
2575	43.2
2576	41
2577	49
2578	40.1
2579	44.2
2580	51.5
2581	50.5
2582	45.4
2583	41.4
2584	43.4
2585	45.8
2586	45
2587	39.6
2588	40.4
2589	49.1
2590	43
2591	47.9
2592	42
2593	50
2594	50.1
2595	48.1
2596	45.4
2597	42.5
2598	40.8
2599	40.4
2600	43.8
2601	42.9
2602	40.9
2603	41
2604	45
2605	42
2606	45.9
2607	39.9
2608	42.1
2609	44
2610	36.1
2611	36.8
2612	43.5
2613	40.1
2614	34.8
2615	40.1
2616	42.5
2617	39.8
2618	38.5
2619	42.3
2620	45.2
2621	46.6
2622	38.5
2623	38.1
2624	40.8
2625	52.6
2626	39.6
2627	44.7
2628	45.6
2629	43.9
2630	47.9
2631	43.2
2632	44.6
2633	48.1
2634	47.7
2635	43.6
2636	46.4
2637	49.4
2638	49.8
2639	43.7
2640	47.5
2641	49.7
2642	48.8
2643	41.5
2644	46.2
2645	43.5
2646	46.3
2647	39.3
2648	44.4
2649	39.9
2650	43.2
2651	42.1
2652	46.2
2653	44.3
2654	47.7
2655	42.7
2656	42.1
2657	47.8
2658	41.2
2659	39
2660	44.4
2661	45.5
2662	38.9
2663	45.7
2664	49.8
2665	36.1
2666	44.7
2667	39.7
2668	40.8
2669	50.5
2670	43.8
2671	49.8
2672	42.6
2673	39
2674	45.6
2675	41.4
2676	45.1
2677	47.1
2678	41.4
2679	46
2680	43.1
2681	43.9
2682	41.3
2683	41.6
2684	49.8
2685	41.9
2686	43.5
2687	41.2
2688	46.4
2689	38.2
2690	41.6
2691	45.6
2692	45.3
2693	47
2694	41.2
2695	41.2
2696	48.8
2697	48.6
2698	46.1
2699	44.9
2700	41.1
2701	39.5
2702	42.1
2703	48.3
2704	44.6
2705	50.2
2706	41.1
2707	36.8
2708	38.8
2709	40.7
2710	41.4
2711	46.7
2712	47.1
2713	44.5
2714	40.4
2715	43.4
2716	45.8
2717	48.3
2718	47
2719	39.6
2720	43.9
2721	37.9
2722	49.9
2723	45.5
2724	42.5
2725	45.4
2726	41.8
2727	38
2728	43.6
2729	37.3
2730	42.9
2731	45.2
2732	39.4
2733	40.6
2734	43
2735	41
2736	43.1
2737	41.5
2738	40
2739	46.6
2740	50
2741	46.7
2742	45.8
2743	43.8
2744	48.9
2745	53.4
2746	46.4
2747	48.1
2748	44
2749	42.3
2750	38.3
2751	48.3
2752	41.6
2753	46
2754	46.5
2755	44.5
2756	46.1
2757	40.5
2758	41.4
2759	45.5
2760	41.9
2761	41.7
2762	43.2
2763	50.2
2764	45
2765	44.3
2766	47.1
2767	47.2
2768	45.9
2769	49.8
2770	43.2
2771	43.2
2772	36.5
2773	40.4
2774	41.9
2775	42.7
2776	37.5
2777	47.9
2778	43.8
2779	41.1
2780	41.9
2781	44
2782	44
2783	50.7
2784	50.4
2785	37.4
2786	45.4
2787	43.4
2788	52.1
2789	46.8
2790	42.8
2791	44.1
2792	47.1
2793	45.1
2794	39.8
2795	42.7
2796	44.7
2797	48.2
2798	39
2799	46.3
2800	44.9
2801	41.7
2802	47.8
2803	40
2804	42.2
2805	44.2
2806	41.3
2807	37.6
2808	44.4
2809	40.5
2810	39.9
2811	46
2812	41.4
2813	43.4
2814	42.1
2815	40.9
2816	46.4
2817	43.3
2818	47.4
2819	47
2820	43.1
2821	39.4
2822	39.5
2823	41.8
2824	47
2825	47.4
2826	46.8
2827	42.8
2828	37.2
2829	43.5
2830	51.4
2831	46.7
2832	41.3
2833	38.5
2834	44.9
2835	40.1
2836	38.7
2837	42.6
2838	40.2
2839	44.9
2840	51.8
2841	47.2
2842	39.6
2843	49.7
2844	45.2
2845	48.3
2846	45.2
2847	49
2848	48
2849	35.6
2850	40.4
2851	38.7
2852	38.5
2853	53.4
2854	45.9
2855	44.2
2856	44.3
2857	41.3
2858	49.7
2859	40.7
2860	43.1
2861	41.5
2862	49.9
2863	41.3
2864	43.4
2865	42.5
2866	46.3
2867	45
2868	42.9
2869	44.6
2870	49
2871	44.2
2872	42
2873	49.6
2874	45.2
2875	40.8
2876	44.9
2877	39.7
2878	41.9
2879	39.4
2880	43.9
2881	46
2882	47.8
2883	43
2884	45.4
2885	38.7
2886	43.2
2887	42.3
2888	41.4
2889	41.2
2890	47.1
2891	38
2892	45.5
2893	43.6
2894	41.9
2895	47.6
2896	46.2
2897	43.6
2898	42.7
2899	41.5
2900	46.4
2901	41.3
2902	51.5
2903	39.1
2904	46
2905	43.7
2906	47.4
2907	43
2908	50.5
2909	40.8
2910	43.9
2911	42.6
2912	45.3
2913	44.1
2914	43.6
2915	46.3
2916	44.7
2917	36.5
2918	45.5
2919	39.9
2920	45.5
2921	46.4
2922	41.3
2923	40.9
2924	38.8
2925	47.9
2926	46.5
2927	44.5
2928	37.9
2929	39.9
2930	43.3
2931	40.9
2932	47.5
2933	37
2934	44
2935	39.1
2936	39.1
2937	41.3
2938	46.3
2939	44
2940	42
2941	44.8
2942	40.5
2943	45.9
2944	42.1
2945	44.9
2946	45.6
2947	40
2948	41.8
2949	47.8
2950	43.1
2951	48.4
2952	40.1
2953	43.8
2954	43.4
2955	42.5
2956	46
2957	38.7
2958	41.7
2959	44.3
2960	45.2
2961	33.9
2962	48.2
2963	47.5
2964	43.7
2965	37.5
2966	36.1
2967	39.1
2968	43.7
2969	37.7
2970	43.6
2971	40.6
2972	44.1
2973	44.2
2974	41.2
2975	44.7
2976	37.9
2977	36.2
2978	45.8
2979	36.3
2980	37.7
2981	37.5
2982	42.7
2983	47.5
2984	37.2
2985	40.4
2986	38.9
2987	40.1
2988	39.2
2989	39
2990	33.3
2991	44.1
2992	48.8
2993	39.2
2994	35.4
2995	38.1
2996	41.5
2997	42.2
2998	41.4
2999	44.7
3000	41.3
3001	40.7
3002	42.9
3003	41.8
3004	41.1
3005	43.7
3006	40.1
3007	44.7
3008	48.7
3009	39.2
3010	44.3
3011	39
3012	38.1
3013	46.9
3014	40.2
3015	39.3
3016	44.2
3017	50.8
3018	42.6
3019	46.8
3020	44.9
3021	45.6
3022	43.4
3023	40.6
3024	41.7
3025	44.7
3026	45.2
3027	42.4
3028	40.3
3029	37.3
3030	46.3
3031	37.5
3032	41.3
3033	36
3034	36
3035	38.1
3036	39.8
3037	48.4
3038	45.9
3039	36.6
3040	32.3
3041	36.9
3042	37.5
3043	41.3
3044	40.2
3045	40.5
3046	36.9
3047	35.5
3048	33.7
3049	38.5
3050	41
3051	40.5
3052	36.6
3053	41.1
3054	48.3
3055	39.6
3056	37.4
3057	48.9
3058	43.6
3059	40
3060	48.1
3061	43.5
3062	44.1
3063	41.8
3064	39.8
3065	52.3
3066	45.5
3067	39.1
3068	38.6
3069	35.9
3070	39.8
3071	41.6
3072	38.4
3073	42.1
3074	44.5
3075	32.9
3076	40.1
3077	39.9
3078	40.6
3079	38.7
3080	45
3081	42.2
3082	42.1
3083	43.4
3084	41.6
3085	42.7
3086	43.8
3087	38.8
3088	47.1
3089	42.5
3090	35.9
3091	39.1
3092	45.8
3093	40.2
3094	46.5
3095	36.9
3096	44.1
3097	36.1
3098	48.4
3099	33
3100	39.2
3101	41.7
3102	43.8
3103	44
3104	43.3
3105	42.4
3106	44.5
3107	43.8
3108	41
3109	45.5
3110	48.9
3111	40.2
3112	48.9
3113	40.9
3114	36.9
3115	45.8
3116	39.1
3117	50.4
3118	32.2
3119	39.4
3120	40.1
3121	49.5
3122	43.9
3123	44.7
3124	32.9
3125	37.5
3126	42.5
3127	37.4
3128	32.2
3129	37.6
3130	39.1
3131	40.6
3132	30.7
3133	38.1
3134	32.4
3135	37.1
3136	38.3
3137	36
3138	33.9
3139	34.4
3140	37.5
3141	38.4
3142	43
3143	35.4
3144	41.8
3145	46.9
3146	40.3
3147	34.9
3148	40.6
3149	35.1
3150	48.2
3151	44.2
3152	35.7
3153	37.4
3154	39.2
3155	37.5
3156	36.3
3157	34.6
3158	36.8
3159	28
3160	41.6
3161	40.7
3162	37.5
3163	38.8
3164	39.7
3165	44.1
3166	38.5
3167	34.5
3168	37.7
3169	40.1
3170	42.9
3171	32.5
3172	38.3
3173	37.5
3174	37.5
3175	38
3176	39.8
3177	45.9
3178	42.4
3179	39.4
3180	35.3
3181	48.7
3182	44.5
3183	44.5
3184	38.3
3185	50.4
3186	52.7
3187	44.4
3188	40
3189	41.3
3190	40.8
3191	41.3
3192	49.8
3193	48.2
3194	48.2
3195	46.3
3196	49
3197	47.1
3198	48
3199	40.2
3200	42.2
3201	45.6
3202	38.1
3203	47.3
3204	36.9
3205	42
3206	43.7
3207	45.9
3208	36.8
3209	49.1
3210	38.9
3211	46.9
3212	39.2
3213	40.7
3214	44.8
3215	41.6
3216	45.1
3217	45.4
3218	47.8
3219	45.9
3220	38.4
3221	44
3222	40.4
3223	33.1
3224	36
3225	47.9
3226	30.5
3227	37.7
3228	36.4
3229	37
3230	30.5
3231	41.1
3232	38.1
3233	32.9
3234	39.4
3235	35.8
3236	43.2
3237	42.2
3238	45.2
3239	38.5
3240	41.5
3241	38
3242	35.3
3243	39.7
3244	39.8
3245	44
3246	42.1
3247	37.9
3248	40.2
3249	41.5
3250	43.6
3251	38.9
3252	39
3253	37.4
3254	36.4
3255	39.6
3256	42.1
3257	43.4
3258	44.6
3259	42.5
3260	35.2
3261	48.1
3262	43.9
3263	39.5
3264	33.5
3265	40.4
3266	40.2
3267	38.7
3268	50.3
3269	36.9
3270	42.7
3271	39.6
3272	38.7
3273	44.1
3274	37.7
3275	40.5
3276	38.3
3277	37.5
3278	30.8
3279	35.8
3280	31.3
3281	34.2
3282	35.7
3283	35.8
3284	40
3285	37.9
3286	40
3287	42.1
3288	31.3
3289	39.6
3290	38.6
3291	37.8
3292	35.2
3293	32.6
3294	34.8
3295	34.3
3296	35.2
3297	39.6
3298	42.1
3299	41.3
3300	41.1
3301	40.1
3302	41.3
3303	40.6
3304	48.5
3305	41.3
3306	35.4
3307	38.3
3308	36.8
3309	41.4
3310	54.1
3311	43.5
3312	49.6
3313	36.3
3314	37.6
3315	47.5
3316	43
3317	43
3318	42.8
3319	42.2
3320	40.2
3321	40.3
3322	44.9
3323	42.3
3324	49.3
3325	42.6
3326	46
3327	44.3
3328	44.4
3329	41
3330	41.4
3331	40.4
3332	40.2
3333	39.7
3334	40.1
3335	41.1
3336	39.3
3337	42.4
3338	42.8
3339	44.2
3340	40.6
3341	45.5
3342	37.2
3343	40.8
3344	43.4
3345	45.7
3346	38
3347	41.5
3348	42.4
3349	39.3
3350	45.3
3351	38.4
3352	43.8
3353	38
3354	45
3355	41.9
3356	40.6
3357	51.5
3358	43.2
3359	32.8
3360	50.8
3361	45.6
3362	44.8
3363	45.6
3364	41.2
3365	45.4
3366	42.5
3367	44
3368	47
3369	44
3370	47.7
3371	38.2
3372	48.2
3373	37
3374	46.8
3375	38.4
3376	39.5
3377	48.7
3378	40.3
3379	46.6
3380	40.8
3381	42.8
3382	40.4
3383	43.1
3384	44
3385	44.3
3386	40.7
3387	46
3388	45.5
3389	46
3390	39
3391	43.3
3392	41
3393	44.2
3394	41.9
3395	42.2
3396	38.3
3397	39.6
3398	41.4
3399	41.4
3400	44.2
3401	44.7
3402	42
3403	43
3404	46.1
3405	42.5
3406	38.5
3407	44.3
3408	45.9
3409	39.1
3410	50.7
3411	44.3
3412	48.7
3413	46.5
3414	42.7
3415	46.1
3416	47.1
3417	43.9
3418	42.3
3419	43.8
3420	39.8
3421	43.1
3422	47.6
3423	37.2
3424	48.9
3425	44
3426	48.7
3427	42.6
3428	45.4
3429	44.4
3430	41.6
3431	49.2
3432	38.7
3433	46.8
3434	39.1
3435	42
3436	41.9
3437	46.7
3438	41.9
3439	44.7
3440	42.4
3441	44.9
3442	40.5
3443	40.4
3444	46
3445	41.9
3446	45.1
3447	41.5
3448	45.7
3449	44.8
3450	37.8
3451	43
3452	46.8
3453	38.3
3454	39.2
3455	45.9
3456	47.8
3457	46.5
3458	44
3459	47
3460	40.1
3461	44.5
3462	46.9
3463	38.7
3464	46.9
3465	38.6
3466	41.7
3467	40.7
3468	41
3469	42.9
3470	40.4
3471	39.8
3472	43.7
3473	45.9
3474	43.4
3475	42.2
3476	45.1
3477	44.7
3478	44.2
3479	44.2
3480	52.8
3481	41.9
3482	39.6
3483	36.3
3484	43.8
3485	40.9
3486	45.4
3487	41.6
3488	47.7
3489	47.5
3490	37.5
3491	44.7
3492	40.7
3493	49.8
3494	44.3
3495	38.1
3496	39.9
3497	45.6
3498	43.3
3499	44.3
3500	44.6
3501	45.2
3502	43.8
3503	40.9
3504	43.1
3505	43.7
3506	46.7
3507	40
3508	38.9
3509	43
3510	44.2
3511	39.9
3512	43.1
3513	44.9
3514	48.2
3515	45.4
3516	48.6
3517	42.2
3518	42.4
3519	45.7
3520	45
3521	39.3
3522	43
3523	45.4
3524	44.8
3525	42.5
3526	35.1
3527	44.2
3528	43.2
3529	45.5
3530	43.1
3531	46.2
3532	48.8
3533	42.1
3534	40.8
3535	47.4
3536	40.3
3537	38.7
3538	43.1
3539	41.8
3540	38.8
3541	40.9
3542	45.7
3543	43.4
3544	41.4
3545	40.1
3546	44.6
3547	41.1
3548	47.9
3549	41
3550	43.8
3551	45.6
3552	37.6
3553	37.3
3554	41.9
3555	42.3
3556	42.6
3557	42.3
3558	39.8
3559	42.9
3560	41.8
3561	40.8
3562	41.6
3563	47.8
3564	37.6
3565	42.8
3566	43.5
3567	52.6
3568	41
3569	44.2
3570	43.5
3571	43.2
3572	40.5
3573	44.5
3574	41.3
3575	41.1
3576	41.9
3577	43.3
3578	41.7
3579	38.2
3580	46.8
3581	43.4
3582	47.8
3583	45.4
3584	44.5
3585	42.8
3586	45.3
3587	43.8
3588	40.4
3589	42.3
3590	45
3591	40.6
3592	48.5
3593	41.1
3594	40.9
3595	42.5
3596	45.6
3597	39.6
3598	44.1
3599	40.6
3600	38.3
3601	48.4
3602	42.3
3603	40.8
3604	47.1
3605	44.6
3606	41.5
3607	42.3
3608	46.5
3609	42.2
3610	47.1
3611	40.8
3612	46.5
3613	44.7
3614	45.5
3615	41.1
3616	44.7
3617	38.5
3618	41
3619	45.4
3620	41.6
3621	44.8
3622	50.1
3623	45.2
3624	42.8
3625	45.4
3626	40.5
3627	41.7
3628	43.9
3629	41.8
3630	44.2
3631	46.5
3632	42.9
3633	44.8
3634	42.5
3635	44.7
3636	36.8
3637	44.1
3638	46.8
3639	47.6
3640	50.8
3641	45
3642	40.1
3643	37.6
3644	42.9
3645	39.1
3646	42.3
3647	44.6
3648	39.9
3649	38.7
3650	45.6
3651	46
3652	46.3
3653	40.8
3654	45.9
3655	42.7
3656	36.6
3657	41.8
3658	46.2
3659	46.6
3660	48.2
3661	39.5
3662	46.5
3663	43.4
3664	43.4
3665	39.4
3666	43.5
3667	49.7
3668	44.1
3669	42.3
3670	41.7
3671	40
3672	40.4
3673	44.4
3674	38.5
3675	39.5
3676	40.4
3677	43.2
3678	44.8
3679	43.1
3680	44.9
3681	39
3682	39.5
3683	43.7
3684	41.3
3685	46.7
3686	42.3
3687	39.2
3688	44.2
3689	38.8
3690	39.3
3691	45.4
3692	43.2
3693	39.1
3694	44.7
3695	45.7
3696	42
3697	42.2
3698	50.9
3699	42.9
3700	44
3701	48.4
3702	46.4
3703	40.7
3704	42.4
3705	45.2
3706	48
3707	40.3
3708	46.4
3709	39.9
3710	41.5
3711	41.4
3712	44.2
3713	37.5
3714	46
3715	38.9
3716	39.5
3717	42.6
3718	41.6
3719	46.8
3720	42
3721	45.2
3722	43.7
3723	47.5
3724	42.9
3725	40.8
3726	42.8
3727	37.2
3728	40.8
3729	41.6
3730	42.5
3731	45.4
3732	45.8
3733	39.6
3734	40.1
3735	45.8
3736	47.3
3737	50.3
3738	44.8
3739	38.9
3740	41
3741	40.4
3742	41.6
3743	40.2
3744	45.4
3745	38
3746	45.9
3747	50.3
3748	38.9
3749	44.1
3750	39.6
3751	42.5
3752	44.7
3753	38.6
3754	40.4
3755	50.9
3756	40.6
3757	40.3
3758	42.4
3759	44.2
3760	46.5
3761	52.7
3762	39.2
3763	46.1
3764	36.2
3765	45.7
3766	46.1
3767	48.2
3768	42
3769	43.7
3770	39.4
3771	42.2
3772	46.1
3773	43.5
3774	47.9
3775	44
3776	42.7
3777	38.9
3778	41
3779	38.4
3780	40.9
3781	42.2
3782	46.7
3783	46.1
3784	42
3785	37.4
3786	41.7
3787	42.4
3788	44.2
3789	46.1
3790	41.3
3791	41
3792	45.9
3793	41.2
3794	43
3795	38.2
3796	42.2
3797	43.1
3798	42.7
3799	40
3800	47
3801	48.8
3802	45.1
3803	48.2
3804	40.8
3805	45.7
3806	47
3807	42.8
3808	42.3
3809	49.2
3810	36.5
3811	43
3812	44.4
3813	43.1
3814	40.4
3815	41.4
3816	45.4
3817	43.2
3818	39.8
3819	42
3820	40.2
3821	40.1
3822	40
3823	46.9
3824	40.5
3825	46.1
3826	45.6
3827	41.6
3828	44.1
3829	41.3
3830	41.4
3831	43.3
3832	40.8
3833	42.1
3834	37.6
3835	40.5
3836	45.1
3837	49.5
3838	43.2
3839	45.8
3840	48.2
3841	45
3842	41
3843	41.6
3844	43.1
3845	45
3846	36.9
3847	48.9
3848	41.3
3849	43.6
3850	45
3851	40.9
3852	42
3853	47.9
3854	45.6
3855	44.2
3856	41.6
3857	41.5
3858	44.3
3859	43.5
3860	43.9
3861	45.2
3862	37.2
3863	42.8
3864	43.1
3865	39.8
3866	40.2
3867	42.5
3868	42.4
3869	40
3870	47
3871	39.2
3872	40.6
3873	49.5
3874	40
3875	42.6
3876	41.2
3877	48.5
3878	45.3
3879	39.8
3880	45.8
3881	40.8
3882	41.4
3883	42.4
3884	40.2
3885	47.4
3886	40.2
3887	42.2
3888	41.5
3889	46.3
3890	46.3
3891	37.7
3892	45.9
3893	37.8
3894	45
3895	46.9
3896	49.6
3897	43.8
3898	42.7
3899	44.8
3900	42.3
3901	42.3
3902	44.8
3903	41.9
3904	42
3905	43.3
3906	42.7
3907	42
3908	40.9
3909	42.5
3910	40.7
3911	44.3
3912	42.9
3913	36.4
3914	50.1
3915	39
3916	42.7
3917	45.1
